[array([[ 0.03578903, -0.14058156,  0.90666854, -0.7691667 , -0.86571854,
        -0.6839797 ,  0.12928827,  1.1556735 ,  0.41527584,  1.4171513 ],
       [-1.2448579 ,  0.07938372, -1.019845  , -0.50389117,  0.0462852 ,
         0.4648264 ,  0.05655233,  1.2577871 ,  0.46079317,  0.61368287],
       [ 1.8476303 ,  0.81728244,  1.210323  , -1.0761477 ,  1.029371  ,
        -0.2922931 , -0.32154492,  0.9484832 ,  0.7856357 ,  0.01043151],
       [ 0.53588575,  0.18474713,  0.01843183,  0.7107751 ,  0.04017464,
         1.0476484 , -1.1424242 ,  1.4611753 , -1.2435164 , -2.7607024 ],
       [-0.5657981 , -0.111672  ,  0.26140323, -0.35146743, -1.8451463 ,
         0.19597697,  0.2305969 , -0.94772583, -1.02501   , -0.82481855]],
      dtype=float32), array([-1.2919703 ,  0.43374792, -0.5036863 , -1.0731969 , -1.754013  ,
        1.1238704 , -0.17419177, -0.7723803 , -1.2512972 , -0.21785462],
      dtype=float32), array([[-1.1383284 ],
       [-0.9755163 ],
       [-1.7812679 ],
       [ 1.7672149 ],
       [ 0.7546642 ],
       [-0.890673  ],
       [ 1.7691352 ],
       [-0.02632441],
       [ 1.2797251 ],
       [-1.4081514 ]], dtype=float32), array([0.25961608], dtype=float32)]