[array([[-0.01535244, -0.22675817,  0.7659841 , -0.7691667 , -0.86571854,
        -0.7492    ,  0.13703321,  1.1634854 ,  0.45995545,  1.367988  ],
       [-1.3000526 , -0.03984607, -1.1847042 , -0.50389117,  0.06107832,
         0.35644904,  0.09528466,  1.2688693 ,  0.5437337 ,  0.5504728 ],
       [ 1.7260967 ,  0.6853823 ,  0.9864432 , -1.0761477 ,  1.0589575 ,
        -0.3743987 , -0.30605274,  0.97056824,  0.86215764, -0.01766187],
       [ 0.4794846 ,  0.11373848, -0.09556298,  0.7107751 ,  0.0438728 ,
         0.99571836, -1.142425  ,  1.469903  , -1.2179942 , -2.7817724 ],
       [-0.63956815, -0.21545343,  0.13833176, -0.35146743, -1.8451463 ,
         0.13551243,  0.2925694 , -0.93873453, -1.0186272 , -0.8318419 ]],
      dtype=float32), array([-1.3085879 ,  0.40942204, -0.5382756 , -1.0731969 , -1.7503146 ,
        1.1059375 , -0.1664453 , -0.769272  , -1.2385405 , -0.22487797],
      dtype=float32), array([[-1.0335454 ],
       [-0.8722006 ],
       [-1.6637465 ],
       [ 1.7672149 ],
       [ 0.7875288 ],
       [-0.82381314],
       [ 1.7754391 ],
       [ 0.359103  ],
       [ 1.3304814 ],
       [-1.3774269 ]], dtype=float32), array([0.28546685], dtype=float32)]