[array([[ 1.6397983e-03, -1.7392914e-01,  8.5323375e-01, -7.6916671e-01,
        -8.6571854e-01, -7.1410638e-01,  1.3703321e-01,  1.1548982e+00,
         4.1527584e-01,  1.4171513e+00],
       [-1.2790078e+00,  2.8948897e-02, -1.0732793e+00, -5.0389117e-01,
         4.6285197e-02,  4.1909862e-01,  9.5284656e-02,  1.2565507e+00,
         4.6079317e-01,  6.1368287e-01],
       [ 1.8191720e+00,  7.8450865e-01,  1.1657935e+00, -1.0761477e+00,
         1.0293710e+00, -3.2194924e-01, -3.0605274e-01,  9.4770265e-01,
         7.8563571e-01,  1.0431506e-02],
       [ 5.0173694e-01,  1.5567094e-01, -3.5003833e-02,  7.1077508e-01,
         4.0174644e-02,  1.0214217e+00, -1.1424249e+00,  1.4605153e+00,
        -1.2435164e+00, -2.7607024e+00],
       [-5.9425610e-01, -1.7007522e-01,  2.1687719e-01, -3.5146743e-01,
        -1.8451463e+00,  1.4292040e-01,  2.9256940e-01, -9.4919807e-01,
        -1.0250100e+00, -8.2481855e-01]], dtype=float32), array([-1.2976617 ,  0.42463037, -0.51259154, -1.0731969 , -1.754013  ,
        1.1155993 , -0.1664453 , -0.7726056 , -1.2512972 , -0.21785462],
      dtype=float32), array([[-1.1329381 ],
       [-0.9475923 ],
       [-1.7498367 ],
       [ 1.7672149 ],
       [ 0.7546642 ],
       [-0.8478956 ],
       [ 1.7754391 ],
       [ 0.09034091],
       [ 1.2797251 ],
       [-1.4081514 ]], dtype=float32), array([0.26899457], dtype=float32)]