[array([[-0.01535427, -0.22098525,  0.76598126, -0.7691667 , -0.86571854,
        -0.74368757,  0.13703321,  1.1613375 ,  0.45995545,  1.367988  ],
       [-1.2790076 , -0.01356685, -1.1517897 , -0.50389117,  0.04628506,
         0.38105598,  0.09528466,  1.260604  ,  0.51823837,  0.5504728 ],
       [ 1.76819   ,  0.7236177 ,  1.0522771 , -1.0761477 ,  1.0293709 ,
        -0.33886144, -0.30605274,  0.9593671 ,  0.8111669 , -0.01766187],
       [ 0.48474312,  0.12752405, -0.08733866,  0.7107751 ,  0.04017448,
         1.0087602 , -1.142425  ,  1.4651518 , -1.2243681 , -2.7817724 ],
       [-0.63957363, -0.21209772,  0.13832313, -0.35146743, -1.8451463 ,
         0.1387168 ,  0.2925694 , -0.9399835 , -1.0186272 , -0.8318419 ]],
      dtype=float32), array([-1.3033264 ,  0.41524264, -0.53004646, -1.0731969 , -1.754013  ,
        1.1113739 , -0.1664453 , -0.7710596 , -1.2449144 , -0.22487797],
      dtype=float32), array([[-1.0737835 ],
       [-0.90453714],
       [-1.6793958 ],
       [ 1.7672149 ],
       [ 0.754664  ],
       [-0.83890647],
       [ 1.7754391 ],
       [ 0.25938264],
       [ 1.300622  ],
       [-1.3774269 ]], dtype=float32), array([0.2789779], dtype=float32)]