[array([[ 1.6397983e-03, -2.0698851e-01,  7.9218584e-01, -7.6916671e-01,
        -8.6571854e-01, -7.4368757e-01,  1.3703321e-01,  1.1580499e+00,
         4.5995545e-01,  1.3679880e+00],
       [-1.2790078e+00, -1.3567025e-02, -1.1517897e+00, -5.0389117e-01,
         4.6285197e-02,  3.8105583e-01,  9.5284656e-02,  1.2606040e+00,
         5.1823837e-01,  5.5047280e-01],
       [ 1.8191720e+00,  7.6560771e-01,  1.1308908e+00, -1.0761477e+00,
         1.0293710e+00, -3.3886158e-01, -3.0605274e-01,  9.4950461e-01,
         8.1116688e-01, -1.7661866e-02],
       [ 5.0173694e-01,  1.4152059e-01, -6.1134059e-02,  7.1077508e-01,
         4.0174644e-02,  1.0087601e+00, -1.1424249e+00,  1.4618644e+00,
        -1.2243681e+00, -2.7817724e+00],
       [-5.9425610e-01, -1.7477308e-01,  2.0820205e-01, -3.5146743e-01,
        -1.8451463e+00,  1.3871680e-01,  2.9256940e-01, -9.4875020e-01,
        -1.0186272e+00, -8.3184189e-01]], dtype=float32), array([-1.2976617 ,  0.4199082 , -0.5213116 , -1.0731969 , -1.754013  ,
        1.1113739 , -0.1664453 , -0.7721554 , -1.2449144 , -0.22487797],
      dtype=float32), array([[-1.1329381 ],
       [-0.9331159 ],
       [-1.7469732 ],
       [ 1.7672149 ],
       [ 0.7546642 ],
       [-0.8389062 ],
       [ 1.7754391 ],
       [ 0.21916771],
       [ 1.300622  ],
       [-1.3774269 ]], dtype=float32), array([0.27397794], dtype=float32)]