[array([[-0.01535244, -0.2209837 ,  0.7659841 , -0.7691667 , -0.86571854,
        -0.74368614,  0.13703321,  1.161337  ,  0.45995545,  1.367988  ],
       [-1.3000526 , -0.0312949 , -1.1847042 , -0.50389117,  0.06107832,
         0.36461422,  0.09528466,  1.2656877 ,  0.5437337 ,  0.5504728 ],
       [ 1.7260967 ,  0.688159  ,  0.9864432 , -1.0761477 ,  1.0589575 ,
        -0.37174734, -0.30605274,  0.9695351 ,  0.86215764, -0.01766187],
       [ 0.4794846 ,  0.12309436, -0.09556298,  0.7107751 ,  0.0438728 ,
         1.0046519 , -1.142425  ,  1.4664221 , -1.2179942 , -2.7817724 ],
       [-0.63956815, -0.21209307,  0.13833176, -0.35146743, -1.8451463 ,
         0.13872111,  0.2925694 , -0.9399848 , -1.0186272 , -0.8318419 ]],
      dtype=float32), array([-1.3085879 ,  0.41081038, -0.5382756 , -1.0731969 , -1.7503146 ,
        1.1072632 , -0.1664453 , -0.76978856, -1.2385405 , -0.22487797],
      dtype=float32), array([[-1.0335454 ],
       [-0.8737759 ],
       [-1.6637465 ],
       [ 1.7672149 ],
       [ 0.7875288 ],
       [-0.8343354 ],
       [ 1.7754391 ],
       [ 0.32509705],
       [ 1.3304814 ],
       [-1.3774269 ]], dtype=float32), array([0.28387794], dtype=float32)]