[array([[ 0.03578903, -0.14485219,  0.90667087, -0.7691667 , -0.86571854,
        -0.6878789 ,  0.13703321,  1.1555582 ,  0.41527584,  1.4171513 ],
       [-1.2448579 ,  0.05802638, -1.0198412 , -0.50389117,  0.0462852 ,
         0.44532657,  0.09528466,  1.2572107 ,  0.46079317,  0.61368287],
       [ 1.8476303 ,  0.8087399 ,  1.2103252 , -1.0761477 ,  1.029371  ,
        -0.30009264, -0.30605274,  0.94825274,  0.7856357 ,  0.01043151],
       [ 0.53588575,  0.18474755,  0.0184326 ,  0.7107751 ,  0.04017464,
         1.0476488 , -1.142425  ,  1.4611753 , -1.2435164 , -2.7607024 ],
       [-0.5657981 , -0.14584416,  0.2614086 , -0.35146743, -1.8451463 ,
         0.16477686,  0.2925694 , -0.948648  , -1.02501   , -0.82481855]],
      dtype=float32), array([-1.2919703 ,  0.42947644, -0.50368553, -1.0731969 , -1.754013  ,
        1.1199704 , -0.1664453 , -0.77249557, -1.2512972 , -0.21785462],
      dtype=float32), array([[-1.1383284 ],
       [-0.9692496 ],
       [-1.781269  ],
       [ 1.7672149 ],
       [ 0.7546642 ],
       [-0.87426466],
       [ 1.7754391 ],
       [-0.0220034 ],
       [ 1.2797251 ],
       [-1.4081514 ]], dtype=float32), array([0.26399475], dtype=float32)]