[array([[-0.04119107, -0.24856319,  0.72439045, -0.7691667 , -0.86571854,
        -0.7710939 ,  0.13703321,  1.1730291 ,  0.45995545,  1.367988  ],
       [-1.3000526 , -0.03984607, -1.1847042 , -0.50389117,  0.06107832,
         0.35515046,  0.09528466,  1.2694353 ,  0.5437337 ,  0.5504728 ],
       [ 1.7054259 ,  0.6679383 ,  0.9531683 , -1.0761477 ,  1.0589575 ,
        -0.39087498, -0.30605274,  0.9777503 ,  0.86215764, -0.01766187],
       [ 0.43814278,  0.07885046, -0.16211283,  0.7107751 ,  0.0438728 ,
         0.96146727, -1.142425  ,  1.4848331 , -1.2179942 , -2.7817724 ],
       [-0.66023904, -0.23289745,  0.10505682, -0.35146743, -1.8451463 ,
         0.11789991,  0.2925694 , -0.93105716, -1.0186272 , -0.8318419 ]],
      dtype=float32), array([-1.3137556 ,  0.40506104, -0.5465943 , -1.0731969 , -1.7503146 ,
        1.1016561 , -0.1664453 , -0.76740575, -1.2385405 , -0.22487797],
      dtype=float32), array([[-0.99956214],
       [-0.86187434],
       [-1.6286153 ],
       [ 1.7672149 ],
       [ 0.7875288 ],
       [-0.8006072 ],
       [ 1.7754391 ],
       [ 0.44848132],
       [ 1.3304814 ],
       [-1.3774269 ]], dtype=float32), array([0.2906639], dtype=float32)]